0.2 5.0
Recovery: [0.17  0.236 0.341 0.404] 
Precision: [0.412 0.306 0.238 0.196]
0.3 5.0
Recovery: [0.172 0.263 0.346 0.425] 
Precision: [0.435 0.335 0.247 0.204]
0.4 5.0
Recovery: [0.188 0.265 0.383 0.456] 
Precision: [0.459 0.347 0.265 0.214]
0.5 5.0
Recovery: [0.185 0.282 0.366 0.447] 
Precision: [0.459 0.371 0.262 0.208]
0.55 5.0
Recovery: [0.193 0.271 0.37  0.43 ] 
Precision: [0.482 0.359 0.262 0.204]
0.6 5.0
Recovery: [0.197 0.271 0.378 0.419] 
Precision: [0.494 0.359 0.265 0.202]
0.7 5.0
Recovery: [0.189 0.292 0.366 0.393] 
Precision: [0.482 0.371 0.259 0.192]
0.8 5.0
Recovery: [0.193 0.289 0.354 0.405] 
Precision: [0.494 0.376 0.25  0.198]
0.9 5.0
Recovery: [0.195 0.282 0.352 0.387] 
Precision: [0.494 0.365 0.244 0.19 ]


0.55 2.0
Recovery: [0.187 0.247 0.37  0.424] 
Precision: [0.459 0.329 0.259 0.2  ]
0.55 3.0
Recovery: [0.191 0.265 0.37  0.42 ] 
Precision: [0.471 0.347 0.259 0.2  ]
0.55 4.0
Recovery: [0.191 0.263 0.354 0.407] 
Precision: [0.471 0.341 0.25  0.194]
0.55 5.0
Recovery: [0.193 0.271 0.37  0.43 ] 
Precision: [0.482 0.359 0.262 0.204]
0.55 6.0
Recovery: [0.188 0.264 0.382 0.443] 
Precision: [0.471 0.365 0.271 0.212]
0.55 7.0
Recovery: [0.179 0.252 0.374 0.413] 
Precision: [0.459 0.353 0.268 0.198]
0.55 8.0
Recovery: [0.175 0.273 0.359 0.399] 
Precision: [0.447 0.359 0.256 0.192]
0.55 9.0
Recovery: [0.172 0.246 0.324 0.402]
Precision: [0.424 0.318 0.215 0.182]

