0.2 5.0
Recovery: [0.183 0.299 0.488 0.586] 
Precision: [0.727 0.613 0.51  0.419]
0.3 5.0
Recovery: [0.184 0.309 0.488 0.581] 
Precision: [0.713 0.633 0.51  0.418]
0.4 5.0
Recovery: [0.187 0.316 0.477 0.558] 
Precision: [0.727 0.64  0.5   0.401]
0.5 5.0
Recovery: [0.192 0.315 0.46  0.554] 
Precision: [0.753 0.633 0.488 0.398]
0.55 5.0
Recovery: [0.192 0.317 0.46  0.553] 
Precision: [0.747 0.633 0.488 0.398]
0.6 5.0
Recovery: [0.189 0.319 0.455 0.552] 
Precision: [0.74  0.637 0.485 0.398]
0.7 5.0
Recovery: [0.185 0.314 0.452 0.551] 
Precision: [0.733 0.63  0.483 0.397]
0.8 5.0
Recovery: [0.182 0.311 0.45  0.549] 
Precision: [0.72  0.623 0.48  0.394]
0.9 5.0
Recovery: [0.179 0.307 0.449 0.549] 
Precision: [0.707 0.613 0.48  0.394]


0.55 2.0
Recovery: [0.182 0.306 0.447 0.528] 
Precision: [0.707 0.617 0.475 0.38 ]
0.55 3.0
Recovery: [0.184 0.307 0.445 0.527] 
Precision: [0.72  0.617 0.472 0.378]
0.55 4.0
Recovery: [0.185 0.313 0.454 0.542] 
Precision: [0.72  0.63  0.482 0.39 ]
0.55 5.0
Recovery: [0.192 0.317 0.46  0.553] 
Precision: [0.747 0.633 0.488 0.398]
0.55 6.0
Recovery: [0.189 0.31  0.473 0.572] 
Precision: [0.74  0.627 0.497 0.409]
0.55 7.0
Recovery: [0.186 0.31  0.479 0.573] 
Precision: [0.733 0.627 0.505 0.406]
0.55 8.0
Recovery: [0.192 0.297 0.467 0.547] 
Precision: [0.74  0.59  0.483 0.377]

